Latitud,Longitud
-18.4792109999935,-70.3229560000199
-70.3235030003661,
-70.32493500026889,
-70.3257219999163,
-70.3261660003303,
-70.32628799963069,
-70.3259810003824,
-70.32555200003701,
-70.3257019998248,
-70.32651699995959,
-70.3254869997397,
-70.3249720000789,
-70.3251650004227,
-70.3253520000205,
-70.3250659997902,
-70.3259970002759,
-70.32679899999189,
-70.3267000002577,
-70.3262600000417,
-70.3261420000409,
-70.32711299981131,
-70.3273189996756,
-70.327743999823,
-70.32855599958479,
-70.3285239997977,
-70.3294419998646,
-70.3295079999869,
-70.32927399963521,
-70.32945000026059,
-70.3292369998252,
-70.328810000028,
-70.3288550002338,
-70.3286429996234,
-70.3285410004145,
-70.3280180003577,
-70.32732700007151,
-70.326573999861,
-70.326798000167,
-70.3270369996433,
-70.3270609999327,
-70.32736600042961,
-70.3273770003002,
-70.326690000212,
-70.32670100008259,
-70.3265400004241,
-70.3266039999982,
-70.3272480004288,
-70.3309170003235,
-70.3312710003258,
-70.3314539997256,
-70.3324410002878,
-70.3333199999967,
-70.3338460004265,
-70.333341999738,
-70.3311530003251,
-70.3301449998464,
-70.32916800022829,
-70.3293859997882,
-70.33020400029601,
-70.3308100001934,
-70.33042400040399,
-70.3305519995522,
-70.3280850003049,
-70.3274619997907,
-70.32553100012061,
-70.32956499988831,
-70.3295220002306,
-70.32769799979231,
-70.3274090000873,
-70.3277139996858,
-70.3269039995739,
-70.3282779997504,
-70.32617499965281,
-70.325628000205,
-70.3256809999084,
-70.32397600019409,
-70.3237660001318,
-70.3253029996167,
-70.32580999977991,
-70.3237279995987,
-70.3220759995878,
-70.3231159998535,
-70.3231269997241,
-70.32186200022591,
-70.3217120004381,
-70.3205960000044,
-70.3237290003219,
-70.32355699989451,
-70.31952300012679,
-70.3191799999951,
-70.3165189996807,
-70.31587500014849,
-70.3150600000137,
-70.3136440000044,
-70.3128070001283,
-70.3118410003807,
-70.3097600000245,
-70.3090090003621,
-70.3056609999595,
-70.30400899994861,
-70.30311900036909,
-70.3027429997271,
-70.30278600028311,
-70.3031290004148,
-70.30448099995171,
-70.3060910001298,
-70.30823600006011,
-70.30261399985569,
-70.3017989997209,
-70.3011119996326,
-70.29520999994401,
-70.2951899998525,
-70.2937739998432,
-70.2942030001886,
-70.2892680000724,
-70.2892250004147,
-70.2882379998525,
-70.2841179998711,
-70.28107099976729,
-70.28021299997479,
-70.28032000010489,
-70.27911800035589,
-70.2788019999883,
-70.2770260001289,
-70.2755299997537,
-70.2742469998138,
-70.2744240002641,
-70.2742150000267,
-70.2743549997688,
-70.28124300019471,
-70.2815000001127,
-70.2807279996356,
-70.2791400000972,
-70.27712300021329,
-70.2755349997766,
-70.2748050000306,
-70.2749980003744,
-70.2771009995737,
-70.2778949997921,
-70.2761359996511,
-70.2766939998679,
-70.2772730000011,
-70.27768100043021,
-70.2787960001406,
-70.2819289995598,
-70.28285199964959,
-70.2842579996131,
-70.28493899985359,
-70.2801700003171,
-70.28276600033421,
-70.28416399990181,
-70.2861399997778,
-70.2870040003164,
-70.28529200003101,
-70.28609100027229,
-70.2867880004063,
-70.2881380002934,
-70.2872339995718,
-70.2884730000291,
-70.2899330004194,
-70.2919290003868,
-70.2942669997627,
-70.2950400000647,
-70.2962839996466,
-70.29770100037911,
-70.2991809999625,
-70.29864500038531,
-70.29866600030169,
-70.2987519996171,
-70.2992460002598,
-70.29906299996181,
-70.30008200031099,
-70.3003209997873,
-70.3009459999513,
-70.3019569999046,
-70.3017669999338,
-70.30267900015301,
-70.3023779998541,
-70.3035050001584,
-70.30357499958031,
-70.30860099993311,
-70.30904100014919,
-70.3111979997751,
-70.3137300002181,
-70.3115409999068,
-70.31029599960171,
-70.30920099998281,
-70.3081919996792,
-70.3075260004057,
-70.3070209998923,
-70.3070739995957,
-70.30844399957429,
-70.30657400000349,
-70.3057770003104,
-70.3049899997647,
-70.3048120003878,
-70.3052340001622,
-70.3066219996841,
-70.309342000448,
-70.31065600035009,
-70.3118060002206,
-70.3122060002537,
-70.3123130003839,
-70.3148020002708,
-70.3153389996729,
-70.315810999676,
-70.3160580004465,
-70.3151670001438,
-70.3143729999254,
-70.3130430001298,
-70.3139229996636,
-70.3142880004349,
-70.31574700010189,
-70.3157250003606,
-70.3165620002367,
-70.3178059998186,
-70.3210040004334,
-70.3218399995863,
-70.32224800001531,
-70.3229560000199,
